NAME=P6218
SWVERSION=01078.00053.16236.35000
AKVERSION=10586.13169
